0.000000 381.994000
0.195312 8029.718080
0.292969 4771.398929
0.390625 670.372000
0.439453 -787.101001
0.488281 -1364.380067
0.537109 -697.839978
0.585938 1576.210000
0.634766 7077.381321
0.683594 22449.693930
0.708008 36306.298295
0.732422 55593.212075
0.744629 67581.631254
0.756836 81297.943299
0.781250 114408.000000
1.562500 170634.000000
3.125000 62963.300000
6.250000 17680.100000
9.375000 17596.600000
12.500000 17561.100000
15.625000 17511.900000
18.750000 17464.100000
21.875000 17416.400000
25.000000 17368.800000
28.125000 17321.100000
31.250000 17273.400000
34.375000 17225.800000
37.500000 17178.100000
40.625000 17130.500000
43.750000 17082.800000
46.875000 17035.100000
50.000000 16987.400000
53.125000 16939.700000
56.250000 16891.900000
59.375000 16844.200000
62.500000 16796.400000
65.625000 16748.700000
68.750000 16700.900000
71.875000 16653.100000
75.000000 16605.200000
78.125000 16557.400000
81.250000 16509.600000
84.375000 16461.700000
87.500000 16413.800000
90.625000 16365.900000
93.750000 16316.600000
96.875000 16277.500000
97.656200 16260.700000
97.851600 16255.900000
97.900400 16254.700000
97.924800 16254.300000
97.937000 16254.100000
97.949200 16253.700000
97.998000 16253.100000
98.046900 16252.400000
98.095700 16251.600000
98.144500 16250.800000
98.193400 16250.100000
98.242200 16249.300000
98.291000 16248.600000
98.339800 16247.800000
98.388700 16247.000000
98.437500 16246.000000
98.535200 16243.300000
98.632800 16230.500000
98.730500 16147.200000
98.828100 15635.500000
98.925800 12932.000000
99.023400 7236.100000
99.121100 3001.020000
99.218800 1790.550000
99.414100 1171.010000
99.609400 670.269000
100.000000 381.994000
