1.000000 2.000000e+00
2.000000 4.000000e+00
3.000000 6.000000e+00
4.000000 8.000000e+00
5.000000 1.000000e+01
6.000000 1.200000e+01
7.000000 1.400000e+01
8.000000 1.600000e+01
9.000000 1.800000e+01
10.000000 2.000000e+01
11.000000 2.200000e+01
12.000000 2.400000e+01
13.000000 2.600000e+01
14.000000 2.800000e+01
15.000000 3.000000e+01
16.000000 3.200000e+01
17.000000 3.400000e+01
18.000000 3.600000e+01
19.000000 3.800000e+01
20.000000 4.000000e+01
21.000000 4.200000e+01
22.000000 4.400000e+01
23.000000 4.600000e+01
24.000000 4.800000e+01
25.000000 5.000000e+01
26.000000 5.200000e+01
27.000000 5.400000e+01
28.000000 5.600000e+01
29.000000 5.800000e+01
30.000000 6.000000e+01
31.000000 6.200000e+01
