-7.500000e+01 0.000000e+00 8.315545e+03
-7.000000e+01 0.000000e+00 6.385335e+03
-6.500000e+01 0.000000e+00 6.234145e+03
-6.000000e+01 0.000000e+00 6.283770e+03
-5.500000e+01 0.000000e+00 6.337385e+03
-5.000000e+01 0.000000e+00 6.310480e+03
-4.500000e+01 0.000000e+00 6.286245e+03
-4.000000e+01 0.000000e+00 6.315515e+03
-3.500000e+01 0.000000e+00 6.316685e+03
-3.000000e+01 0.000000e+00 6.291485e+03
-2.500000e+01 0.000000e+00 6.871005e+03
-2.000000e+01 0.000000e+00 2.392955e+05
-1.500000e+01 0.000000e+00 1.300625e+08
-1.000000e+01 0.000000e+00 1.293250e+10
-5.000000e+00 0.000000e+00 2.329245e+11
0.000000e+00 0.000000e+00 6.790660e+11
5.000000e+00 0.000000e+00 2.329065e+11
1.000000e+01 0.000000e+00 1.291920e+10
1.500000e+01 0.000000e+00 1.289960e+08
2.000000e+01 0.000000e+00 2.383180e+05
2.500000e+01 0.000000e+00 6.854840e+03
3.000000e+01 0.000000e+00 6.291490e+03
3.500000e+01 0.000000e+00 6.316680e+03
4.000000e+01 0.000000e+00 6.315510e+03
4.500000e+01 0.000000e+00 6.286245e+03
5.000000e+01 0.000000e+00 6.310470e+03
5.500000e+01 0.000000e+00 6.337385e+03
6.000000e+01 0.000000e+00 6.283750e+03
6.500000e+01 0.000000e+00 6.233925e+03
7.000000e+01 0.000000e+00 6.386810e+03
7.500000e+01 0.000000e+00 8.322990e+03
-7.500000e+01 5.000000e+00 4.025610e+04
-7.000000e+01 5.000000e+00 2.797770e+04
-6.500000e+01 5.000000e+00 2.715630e+04
-6.000000e+01 5.000000e+00 2.718780e+04
-5.500000e+01 5.000000e+00 2.722550e+04
-5.000000e+01 5.000000e+00 2.723940e+04
-4.500000e+01 5.000000e+00 2.724630e+04
-4.000000e+01 5.000000e+00 2.725080e+04
-3.500000e+01 5.000000e+00 2.725390e+04
-3.000000e+01 5.000000e+00 2.725610e+04
-2.500000e+01 5.000000e+00 2.812260e+04
-2.000000e+01 5.000000e+00 8.974120e+05
-1.500000e+01 5.000000e+00 9.034845e+08
-1.000000e+01 5.000000e+00 8.165005e+10
-5.000000e+00 5.000000e+00 1.071935e+12
0.000000e+00 5.000000e+00 2.916310e+12
5.000000e+00 5.000000e+00 1.072085e+12
1.000000e+01 5.000000e+00 8.167125e+10
1.500000e+01 5.000000e+00 9.039345e+08
2.000000e+01 5.000000e+00 8.982250e+05
2.500000e+01 5.000000e+00 2.812485e+04
3.000000e+01 5.000000e+00 2.725610e+04
3.500000e+01 5.000000e+00 2.725390e+04
4.000000e+01 5.000000e+00 2.725080e+04
4.500000e+01 5.000000e+00 2.724630e+04
5.000000e+01 5.000000e+00 2.723940e+04
5.500000e+01 5.000000e+00 2.722580e+04
6.000000e+01 5.000000e+00 2.718780e+04
6.500000e+01 5.000000e+00 2.715630e+04
7.000000e+01 5.000000e+00 2.797730e+04
7.500000e+01 5.000000e+00 4.025540e+04
-7.500000e+01 1.000000e+01 5.220190e+04
-7.000000e+01 1.000000e+01 3.941230e+04
-6.500000e+01 1.000000e+01 3.891415e+04
-6.000000e+01 1.000000e+01 3.888370e+04
-5.500000e+01 1.000000e+01 3.716890e+04
-5.000000e+01 1.000000e+01 3.888575e+04
-4.500000e+01 1.000000e+01 3.888845e+04
-4.000000e+01 1.000000e+01 3.889065e+04
-3.500000e+01 1.000000e+01 3.889305e+04
-3.000000e+01 1.000000e+01 3.889480e+04
-2.500000e+01 1.000000e+01 4.035655e+04
-2.000000e+01 1.000000e+01 1.086850e+06
-1.500000e+01 1.000000e+01 1.674368e+09
-1.000000e+01 1.000000e+01 1.351798e+11
-5.000000e+00 1.000000e+01 1.943790e+12
0.000000e+00 1.000000e+01 5.021170e+12
5.000000e+00 1.000000e+01 1.943800e+12
1.000000e+01 1.000000e+01 1.351816e+11
1.500000e+01 1.000000e+01 1.674456e+09
2.000000e+01 1.000000e+01 1.086940e+06
2.500000e+01 1.000000e+01 4.035675e+04
3.000000e+01 1.000000e+01 3.889480e+04
3.500000e+01 1.000000e+01 3.889305e+04
4.000000e+01 1.000000e+01 3.889065e+04
4.500000e+01 1.000000e+01 3.888845e+04
5.000000e+01 1.000000e+01 3.888575e+04
5.500000e+01 1.000000e+01 3.716890e+04
6.000000e+01 1.000000e+01 3.888370e+04
6.500000e+01 1.000000e+01 3.891415e+04
7.000000e+01 1.000000e+01 3.941210e+04
7.500000e+01 1.000000e+01 5.220140e+04
-7.500000e+01 1.500000e+01 8.131880e+04
-7.000000e+01 1.500000e+01 5.172665e+04
-6.500000e+01 1.500000e+01 5.069165e+04
-6.000000e+01 1.500000e+01 5.064980e+04
-5.500000e+01 1.500000e+01 5.063495e+04
-5.000000e+01 1.500000e+01 5.062920e+04
-4.500000e+01 1.500000e+01 5.062685e+04
-4.000000e+01 1.500000e+01 5.062595e+04
-3.500000e+01 1.500000e+01 5.062580e+04
-3.000000e+01 1.500000e+01 5.062595e+04
-2.500000e+01 1.500000e+01 5.424940e+04
-2.000000e+01 1.500000e+01 3.541631e+06
-1.500000e+01 1.500000e+01 1.293876e+09
-1.000000e+01 1.500000e+01 9.978065e+10
-5.000000e+00 1.500000e+01 1.545852e+12
0.000000e+00 1.500000e+01 4.398050e+12
5.000000e+00 1.500000e+01 1.545852e+12
1.000000e+01 1.500000e+01 9.978065e+10
1.500000e+01 1.500000e+01 1.293876e+09
2.000000e+01 1.500000e+01 3.541632e+06
2.500000e+01 1.500000e+01 5.424940e+04
3.000000e+01 1.500000e+01 5.062595e+04
3.500000e+01 1.500000e+01 5.062580e+04
4.000000e+01 1.500000e+01 5.062595e+04
4.500000e+01 1.500000e+01 5.062685e+04
5.000000e+01 1.500000e+01 5.062925e+04
5.500000e+01 1.500000e+01 5.063495e+04
6.000000e+01 1.500000e+01 5.064980e+04
6.500000e+01 1.500000e+01 5.069165e+04
7.000000e+01 1.500000e+01 5.172625e+04
7.500000e+01 1.500000e+01 8.131655e+04
-7.500000e+01 2.000000e+01 1.119000e+05
-7.000000e+01 2.000000e+01 7.104240e+04
-6.500000e+01 2.000000e+01 6.798405e+04
-6.000000e+01 2.000000e+01 6.790055e+04
-5.500000e+01 2.000000e+01 6.788565e+04
-5.000000e+01 2.000000e+01 6.787260e+04
-4.500000e+01 2.000000e+01 6.786350e+04
-4.000000e+01 2.000000e+01 6.785765e+04
-3.500000e+01 2.000000e+01 6.785200e+04
-3.000000e+01 2.000000e+01 6.797480e+04
-2.500000e+01 2.000000e+01 1.510225e+05
-2.000000e+01 2.000000e+01 3.387885e+07
-1.500000e+01 2.000000e+01 5.414185e+09
-1.000000e+01 2.000000e+01 2.360285e+11
-5.000000e+00 2.000000e+01 2.388850e+12
0.000000e+00 2.000000e+01 5.219210e+12
5.000000e+00 2.000000e+01 2.388850e+12
1.000000e+01 2.000000e+01 2.360285e+11
1.500000e+01 2.000000e+01 5.414185e+09
2.000000e+01 2.000000e+01 3.387885e+07
2.500000e+01 2.000000e+01 1.510225e+05
3.000000e+01 2.000000e+01 6.797480e+04
3.500000e+01 2.000000e+01 6.785200e+04
4.000000e+01 2.000000e+01 6.785765e+04
4.500000e+01 2.000000e+01 6.786350e+04
5.000000e+01 2.000000e+01 6.787260e+04
5.500000e+01 2.000000e+01 6.788565e+04
6.000000e+01 2.000000e+01 6.790060e+04
6.500000e+01 2.000000e+01 6.798405e+04
7.000000e+01 2.000000e+01 7.104205e+04
7.500000e+01 2.000000e+01 1.118980e+05
-7.500000e+01 2.500000e+01 1.314660e+05
-7.000000e+01 2.500000e+01 8.222710e+04
-6.500000e+01 2.500000e+01 7.892190e+04
-6.000000e+01 2.500000e+01 7.883290e+04
-5.500000e+01 2.500000e+01 7.882450e+04
-5.000000e+01 2.500000e+01 7.881320e+04
-4.500000e+01 2.500000e+01 7.880350e+04
-4.000000e+01 2.500000e+01 7.879620e+04
-3.500000e+01 2.500000e+01 7.878810e+04
-3.000000e+01 2.500000e+01 7.890560e+04
-2.500000e+01 2.500000e+01 1.412380e+05
-2.000000e+01 2.500000e+01 2.079240e+07
-1.500000e+01 2.500000e+01 3.417790e+09
-1.000000e+01 2.500000e+01 1.870510e+11
-5.000000e+00 2.500000e+01 2.307270e+12
0.000000e+00 2.500000e+01 5.402170e+12
5.000000e+00 2.500000e+01 2.307270e+12
1.000000e+01 2.500000e+01 1.870510e+11
1.500000e+01 2.500000e+01 3.417790e+09
2.000000e+01 2.500000e+01 2.079240e+07
2.500000e+01 2.500000e+01 1.412380e+05
3.000000e+01 2.500000e+01 7.890560e+04
3.500000e+01 2.500000e+01 7.878810e+04
4.000000e+01 2.500000e+01 7.879620e+04
4.500000e+01 2.500000e+01 7.880350e+04
5.000000e+01 2.500000e+01 7.881320e+04
5.500000e+01 2.500000e+01 7.882450e+04
6.000000e+01 2.500000e+01 7.883290e+04
6.500000e+01 2.500000e+01 7.892190e+04
7.000000e+01 2.500000e+01 8.222670e+04
7.500000e+01 2.500000e+01 1.314640e+05
-7.500000e+01 3.000000e+01 1.510535e+05
-7.000000e+01 3.000000e+01 9.353995e+04
-6.500000e+01 3.000000e+01 8.992640e+04
-6.000000e+01 3.000000e+01 8.982485e+04
-5.500000e+01 3.000000e+01 8.982180e+04
-5.000000e+01 3.000000e+01 8.981350e+04
-4.500000e+01 3.000000e+01 8.980450e+04
-4.000000e+01 3.000000e+01 8.979700e+04
-3.500000e+01 3.000000e+01 8.978755e+04
-3.000000e+01 3.000000e+01 8.988530e+04
-2.500000e+01 3.000000e+01 1.405510e+05
-2.000000e+01 3.000000e+01 1.679545e+07
-1.500000e+01 3.000000e+01 2.912665e+09
-1.000000e+01 3.000000e+01 1.750000e+11
-5.000000e+00 3.000000e+01 2.285500e+12
0.000000e+00 3.000000e+01 5.440570e+12
5.000000e+00 3.000000e+01 2.285500e+12
1.000000e+01 3.000000e+01 1.750000e+11
1.500000e+01 3.000000e+01 2.912665e+09
2.000000e+01 3.000000e+01 1.679545e+07
2.500000e+01 3.000000e+01 1.405510e+05
3.000000e+01 3.000000e+01 8.988530e+04
3.500000e+01 3.000000e+01 8.978755e+04
4.000000e+01 3.000000e+01 8.979700e+04
4.500000e+01 3.000000e+01 8.980450e+04
5.000000e+01 3.000000e+01 8.981350e+04
5.500000e+01 3.000000e+01 8.982180e+04
6.000000e+01 3.000000e+01 8.982485e+04
6.500000e+01 3.000000e+01 8.992640e+04
7.000000e+01 3.000000e+01 9.353955e+04
7.500000e+01 3.000000e+01 1.510515e+05
-7.500000e+01 3.500000e+01 1.706520e+05
-7.000000e+01 3.500000e+01 1.049540e+05
-6.500000e+01 3.500000e+01 1.009870e+05
-6.000000e+01 3.500000e+01 1.008680e+05
-5.500000e+01 3.500000e+01 1.008690e+05
-5.000000e+01 3.500000e+01 1.008630e+05
-4.500000e+01 3.500000e+01 1.008550e+05
-4.000000e+01 3.500000e+01 1.008480e+05
-3.500000e+01 3.500000e+01 1.008380e+05
-3.000000e+01 3.500000e+01 1.009310e+05
-2.500000e+01 3.500000e+01 1.492770e+05
-2.000000e+01 3.500000e+01 1.609840e+07
-1.500000e+01 3.500000e+01 2.827900e+09
-1.000000e+01 3.500000e+01 1.730090e+11
-5.000000e+00 3.500000e+01 2.281820e+12
0.000000e+00 3.500000e+01 5.446110e+12
5.000000e+00 3.500000e+01 2.281820e+12
1.000000e+01 3.500000e+01 1.730090e+11
1.500000e+01 3.500000e+01 2.827900e+09
2.000000e+01 3.500000e+01 1.609840e+07
2.500000e+01 3.500000e+01 1.492770e+05
3.000000e+01 3.500000e+01 1.009310e+05
3.500000e+01 3.500000e+01 1.008380e+05
4.000000e+01 3.500000e+01 1.008480e+05
4.500000e+01 3.500000e+01 1.008550e+05
5.000000e+01 3.500000e+01 1.008630e+05
5.500000e+01 3.500000e+01 1.008690e+05
6.000000e+01 3.500000e+01 1.008680e+05
6.500000e+01 3.500000e+01 1.009870e+05
7.000000e+01 3.500000e+01 1.049530e+05
7.500000e+01 3.500000e+01 1.706500e+05
-7.500000e+01 4.000000e+01 1.967990e+05
-7.000000e+01 4.000000e+01 1.203570e+05
-6.500000e+01 4.000000e+01 1.158390e+05
-6.000000e+01 4.000000e+01 1.156890e+05
-5.500000e+01 4.000000e+01 1.156930e+05
-5.000000e+01 4.000000e+01 1.156900e+05
-4.500000e+01 4.000000e+01 1.156830e+05
-4.000000e+01 4.000000e+01 1.156770e+05
-3.500000e+01 4.000000e+01 1.156670e+05
-3.000000e+01 4.000000e+01 1.157590e+05
-2.500000e+01 4.000000e+01 1.639730e+05
-2.000000e+01 4.000000e+01 1.615270e+07
-1.500000e+01 4.000000e+01 2.844620e+09
-1.000000e+01 4.000000e+01 1.737850e+11
-5.000000e+00 4.000000e+01 2.283100e+12
0.000000e+00 4.000000e+01 5.438730e+12
5.000000e+00 4.000000e+01 2.283100e+12
1.000000e+01 4.000000e+01 1.737850e+11
1.500000e+01 4.000000e+01 2.844620e+09
2.000000e+01 4.000000e+01 1.615270e+07
2.500000e+01 4.000000e+01 1.639730e+05
3.000000e+01 4.000000e+01 1.157590e+05
3.500000e+01 4.000000e+01 1.156670e+05
4.000000e+01 4.000000e+01 1.156770e+05
4.500000e+01 4.000000e+01 1.156830e+05
5.000000e+01 4.000000e+01 1.156900e+05
5.500000e+01 4.000000e+01 1.156930e+05
6.000000e+01 4.000000e+01 1.156890e+05
6.500000e+01 4.000000e+01 1.158390e+05
7.000000e+01 4.000000e+01 1.203570e+05
7.500000e+01 4.000000e+01 1.967970e+05
-7.500000e+01 4.500000e+01 2.001200e+05
-7.000000e+01 4.500000e+01 1.270840e+05
-6.500000e+01 4.500000e+01 1.221590e+05
-6.000000e+01 4.500000e+01 1.219800e+05
-5.500000e+01 4.500000e+01 1.219830e+05
-5.000000e+01 4.500000e+01 1.219810e+05
-4.500000e+01 4.500000e+01 1.219760e+05
-4.000000e+01 4.500000e+01 1.219700e+05
-3.500000e+01 4.500000e+01 1.219600e+05
-3.000000e+01 4.500000e+01 1.220180e+05
-2.500000e+01 4.500000e+01 1.547310e+05
-2.000000e+01 4.500000e+01 1.389410e+07
-1.500000e+01 4.500000e+01 2.645810e+09
-1.000000e+01 4.500000e+01 1.670830e+11
-5.000000e+00 4.500000e+01 2.207660e+12
0.000000e+00 4.500000e+01 4.716465e+12
5.000000e+00 4.500000e+01 2.207660e+12
1.000000e+01 4.500000e+01 1.670830e+11
1.500000e+01 4.500000e+01 2.645810e+09
2.000000e+01 4.500000e+01 1.389410e+07
2.500000e+01 4.500000e+01 1.547310e+05
3.000000e+01 4.500000e+01 1.220180e+05
3.500000e+01 4.500000e+01 1.219600e+05
4.000000e+01 4.500000e+01 1.219700e+05
4.500000e+01 4.500000e+01 1.219760e+05
5.000000e+01 4.500000e+01 1.219810e+05
5.500000e+01 4.500000e+01 1.219830e+05
6.000000e+01 4.500000e+01 1.219800e+05
6.500000e+01 4.500000e+01 1.221590e+05
7.000000e+01 4.500000e+01 1.270840e+05
7.500000e+01 4.500000e+01 2.001180e+05
-7.500000e+01 5.000000e+01 7.604675e+06
-7.000000e+01 5.000000e+01 8.034805e+06
-6.500000e+01 5.000000e+01 8.051295e+06
-6.000000e+01 5.000000e+01 8.064545e+06
-5.500000e+01 5.000000e+01 8.076480e+06
-5.000000e+01 5.000000e+01 8.086460e+06
-4.500000e+01 5.000000e+01 8.093405e+06
-4.000000e+01 5.000000e+01 8.096195e+06
-3.500000e+01 5.000000e+01 8.089505e+06
-3.000000e+01 5.000000e+01 8.074265e+06
-2.500000e+01 5.000000e+01 8.062685e+06
-2.000000e+01 5.000000e+01 1.944035e+07
-1.500000e+01 5.000000e+01 2.890100e+09
-1.000000e+01 5.000000e+01 1.744650e+11
-5.000000e+00 5.000000e+01 2.259465e+12
0.000000e+00 5.000000e+01 5.329770e+12
5.000000e+00 5.000000e+01 2.259465e+12
1.000000e+01 5.000000e+01 1.744650e+11
1.500000e+01 5.000000e+01 2.890100e+09
2.000000e+01 5.000000e+01 1.944035e+07
2.500000e+01 5.000000e+01 8.062685e+06
3.000000e+01 5.000000e+01 8.074265e+06
3.500000e+01 5.000000e+01 8.089505e+06
4.000000e+01 5.000000e+01 8.096195e+06
4.500000e+01 5.000000e+01 8.093405e+06
5.000000e+01 5.000000e+01 8.086460e+06
5.500000e+01 5.000000e+01 8.076480e+06
6.000000e+01 5.000000e+01 8.064545e+06
6.500000e+01 5.000000e+01 8.051295e+06
7.000000e+01 5.000000e+01 8.034805e+06
7.500000e+01 5.000000e+01 7.604675e+06
