0 0
0.02 .0004
0.04 .0016
0.06 .0036
0.08 .0064
0.1 .01
0.12 .0144
0.14 .0196
0.16 .0256
0.18 .0324
0.2 .04
0.22 .0484
0.24 .0576
0.26 .0676
0.28 .0784
0.3 .09
0.32 .1024
0.34 .1156
0.36 .1296
0.38 .1444
0.4 .16
0.42 .1764
0.44 .1936
0.46 .2116
0.48 .2304
0.5 .25
0.52 .2704
0.54 .2916
0.56 .3136
0.58 .3364
0.6 .36
0.62 .3844
0.64 .4096
0.66 .4356
0.68 .4624
0.7 .49
0.72 .5184
0.74 .5476
0.76 .5776
0.78 .6084
0.8 .64
0.82 .6724
0.84 .7056
0.86 .7396
0.88 .7744
0.9 .81
0.92 .8464
0.94 .8836
0.96 .9216
0.98 .9604
