1e-12 1.7706e-11
3e-12 9.61042e-14
7e-12 -2.04904e-15
1.5e-11 9.78861e-16
2e-11 -1.39015e-16
2.1e-11 1.14909e-05
2.1996e-11 1.149e-05
2.39879e-11 1.14729e-05
2.79718e-11 1.14313e-05
3.59397e-11 1.13266e-05
4.09377e-11 1.12514e-05
4.59357e-11 1.11768e-05
5e-11 1.11188e-05
5.1e-11 1.11049e-05
5.3e-11 1.10774e-05
5.7e-11 1.10235e-05
6.5e-11 1.092e-05
7e-11 1.08579e-05
7.1e-11 1.08456e-05
7.3e-11 1.08213e-05
7.7e-11 1.07733e-05
8e-11 1.07378e-05
8.1e-11 1.0726e-05
8.3e-11 1.07027e-05
8.7e-11 1.06564e-05
9e-11 1.0622e-05
9.1e-11 1.06106e-05
9.3e-11 1.05879e-05
9.7e-11 1.05427e-05
1e-10 1.05092e-05
1.01e-10 1.0498e-05
1.03e-10 1.04758e-05
1.07e-10 1.04315e-05
1.15e-10 1.03438e-05
1.31e-10 1.01707e-05
1.5e-10 9.96785e-06
1.51e-10 9.95724e-06
1.53e-10 9.93603e-06
1.57e-10 9.89366e-06
1.65e-10 9.80909e-06
1.81e-10 9.64055e-06
2e-10 9.44112e-06
2.02e-10 9.42017e-06
2.06e-10 9.37827e-06
2.14e-10 9.29453e-06
2.3e-10 9.12725e-06
2.62e-10 8.79328e-06
3.26e-10 8.12718e-06
3.9e-10 7.4638e-06
4.54e-10 6.80439e-06
5.18e-10 6.15046e-06
5.82e-10 5.50292e-06
6.46e-10 4.86306e-06
7.1e-10 4.23588e-06
7.74e-10 3.63325e-06
8.38e-10 3.07295e-06
9.02e-10 2.57326e-06
9.66e-10 2.14625e-06
1e-09 1.95012e-06
1.002e-09 1.93924e-06
1.006e-09 1.91768e-06
1.014e-09 1.87539e-06
1.03e-09 1.79408e-06
1.062e-09 1.64378e-06
1.126e-09 1.38585e-06
1.19e-09 1.17299e-06
1.254e-09 9.92101e-07
1.318e-09 8.33862e-07
1.382e-09 6.93001e-07
1.446e-09 5.67252e-07
1.574e-09 3.59318e-07
1.61176e-09 3.0903e-07
1.63207e-09 2.84052e-07
1.67269e-09 2.38348e-07
1.75392e-09 1.63088e-07
1.91639e-09 6.69894e-08
2.04679e-09 2.87953e-08
2.14404e-09 1.42712e-08
2.24129e-09 6.63451e-09
2.33853e-09 2.89636e-09
2.43578e-09 1.18956e-09
2.53302e-09 4.60744e-10
2.72752e-09 3.6201e-11
2.76881e-09 2.23881e-11
2.85141e-09 7.77958e-12
3.0126e-09 5.3826e-13
3.06735e-09 2.96911e-13
3.17684e-09 8.95193e-14
3.32862e-09 3.19566e-14
3.40144e-09 2.25142e-14
3.50305e-09 1.33795e-14
3.70626e-09 5.72044e-15
4e-09 3.11119e-15
4.002e-09 -4.07774e-15
4.006e-09 -3.65029e-16
4.014e-09 1.38238e-15
4.03e-09 2.22835e-15
4.062e-09 2.60701e-15
4.126e-09 2.73326e-15
4.254e-09 2.73314e-15
4.51e-09 2.73351e-15
5.022e-09 2.74501e-15
6.046e-09 2.7596e-15
8.094e-09 2.76829e-15
1.219e-08 2.76518e-15
2.0382e-08 2.77015e-15
2.5e-08 2.76518e-15
2.55e-08 2.7388e-15
2.65e-08 2.74997e-15
2.85e-08 2.75494e-15
3.25e-08 2.75556e-15
4.05e-08 2.75866e-15
5.65e-08 2.75742e-15
8.85e-08 2.76053e-15
1.525e-07 2.75742e-15
2.805e-07 2.76053e-15
5.365e-07 2.75742e-15
1e-06 2.76053e-15
